[footer.jpg]
filters=finetune2=1,0.000000,0.000000,0.140351,00000000,1.000000;bw=1;warm=1;bw=1;IR=1,100.000000;IR=1,100.000000;Soften=1,100.000000,0.000000;
moddate=417b0f57657ad801
width=728
height=205
textactive=0
